	parent	child	lambda_val	child_size
0	607	608	0.11635702531617581	40
1	607	609	0.11635702531617581	567
2	608	137	2.072354846688647	1
3	609	610	0.16221539464746706	319
4	609	611	0.16221539464746706	248
5	608	29	2.127414446472568	1
6	610	612	0.27399082443536565	35
7	610	613	0.27399082443536565	284
8	611	614	0.4429607905113831	58
9	611	615	0.4429607905113831	190
10	608	356	4.507580258678823	1
11	612	139	1.451337124170548	1
12	613	616	0.42428678710190804	11
13	613	617	0.42428678710190804	273
14	614	122	2.626150448552103	1
15	615	618	1.2044522848987171	52
16	615	619	1.2044522848987171	138
17	608	138	5.993978435111726	1
18	612	274	3.840707594278441	1
19	616	224	14.856818218127199	1
20	617	257	0.6307482143440015	1
21	614	375	2.7323975097198514	1
22	618	234	2.1441147298839867	1
23	619	441	1.2044522848987171	1
24	608	379	6.3302021619647935	1
25	612	516	3.9357193219903186	1
26	616	18	14.856818218127199	1
27	617	83	0.6309829934061528	1
28	614	306	2.826197156655057	1
29	618	550	3.3075045331551958	1
30	619	5	1.578664320735937	1
31	608	20	6.774019132016506	1
32	612	456	3.9755770342860455	1
33	616	451	19.427054812797504	1
34	617	258	0.6310027172922453	1
35	614	308	2.9827764405709747	1
36	618	227	3.483824004250434	1
37	619	156	1.6788834312857646	1
38	608	517	6.9661485603006446	1
39	612	471	3.992240912877146	1
40	616	412	20.17105390538012	1
41	617	132	0.6329017280703652	1
42	614	303	2.994226738623194	1
43	618	214	3.6193301873892154	1
44	619	594	1.730693957949264	1
45	608	154	7.137421106474054	1
46	612	109	4.128942180197106	1
47	616	423	20.504901600043137	1
48	617	573	0.6616323571031965	1
49	614	45	2.9990440551651605	1
50	618	553	3.7422619164730997	1
51	619	376	1.906686312271597	1
52	608	491	7.179861174637939	1
53	612	0	4.4000964322266265	1
54	616	420	20.67563324187127	1
55	617	620	0.8720049960750048	18
56	617	621	0.8720049960750048	250
57	614	463	3.2375523545051648	1
58	618	265	4.046242319553699	1
59	619	408	2.060322605339998	1
60	608	110	7.382662785474528	1
61	612	392	4.400687218449915	1
62	616	564	22.673889376818757	1
63	620	592	4.77010319044112	1
64	621	622	0.9983702709786504	40
65	621	623	0.9983702709786504	210
66	614	145	3.3346855693934314	1
67	618	587	4.1230123581930656	1
68	619	142	2.195621881341721	1
69	608	269	7.920557081245558	1
70	612	528	4.508988394754672	1
71	616	410	25.862494906062913	1
72	616	129	25.862494906062913	1
73	616	327	25.862494906062913	1
74	616	302	25.862494906062913	1
75	620	3	7.746544000839336	1
76	622	600	1.250205675835176	1
77	623	350	1.249845316016052	1
78	614	173	3.869815289597783	1
79	618	624	4.189148224460368	18
80	618	625	4.189148224460368	27
81	619	626	2.1988815800520647	21
82	619	627	2.1988815800520647	110
83	608	310	7.9705817109039545	1
84	612	167	4.765906773284624	1
85	620	388	7.800342190305983	1
86	622	492	2.0474201857689147	1
87	623	361	1.3399877734028638	1
88	614	61	4.1017690114702505	1
89	624	78	4.189148224460368	1
90	625	103	4.403682140031308	1
91	626	264	2.481725628169873	1
92	627	321	2.2283782667106773	1
93	608	330	8.024879151690719	1
94	612	10	5.143130799241982	1
95	620	92	8.047532516642747	1
96	622	488	2.2792035817431486	1
97	623	87	1.348249771708354	1
98	614	194	4.1553710342951256	1
99	624	128	4.280926789515137	1
100	625	381	4.691319403858128	1
101	626	262	2.9638970438568126	1
102	627	348	2.2733686395238677	1
103	608	477	8.053540617076548	1
104	612	503	5.8080863314477185	1
105	620	153	8.247042029370602	1
106	622	436	2.6152366123176076	1
107	623	288	1.4252197173035168	1
108	614	52	4.193933998207144	1
109	624	565	4.551198381646633	1
110	625	37	4.996985204273629	1
111	626	364	2.98123528709699	1
112	627	131	2.368473534858573	1
113	608	378	8.359498765529779	1
114	612	329	5.8080863314477185	1
115	620	192	8.89552349085769	1
116	622	628	2.6377900994674275	10
117	622	629	2.6377900994674275	26
118	623	527	1.4398738235898167	1
119	614	582	4.557900083975408	1
120	624	151	4.879610368745073	1
121	625	136	5.230386033194479	1
122	626	165	3.675722695185355	1
123	627	33	2.368473534858573	1
124	608	14	8.549927392055789	1
125	612	96	5.851165278249336	1
126	620	68	10.211661678314734	1
127	628	104	2.6993907040202463	1
128	629	473	2.6377900994674275	1
129	623	454	1.4421882476053665	1
130	614	169	4.707161908919247	1
131	624	371	5.841686298714863	1
132	625	309	5.8286764649730065	1
133	626	590	4.507065805217568	1
134	627	313	2.3802418186983574	1
135	608	574	8.808630530777624	1
136	612	382	5.909259789714246	1
137	620	201	12.388371280912446	1
138	628	344	2.754480685723335	1
139	629	89	3.461457430045145	1
140	623	46	1.5034063821349806	1
141	614	599	4.73896343533593	1
142	624	333	6.062260891230333	1
143	625	114	6.0021323104616355	1
144	626	334	4.899233418280827	1
145	627	296	2.421725397300591	1
146	608	66	8.810442146147249	1
147	612	285	5.909259789714246	1
148	620	210	12.52056879011982	1
149	628	26	2.754480685723335	1
150	629	30	3.7409232112036204	1
151	623	431	1.5068600275434447	1
152	614	351	4.747325610512533	1
153	624	578	6.371260164724803	1
154	625	116	6.881550073988133	1
155	626	581	5.580774498862502	1
156	627	373	2.4898247102569235	1
157	608	384	8.860177006386753	1
158	612	421	7.903368150734884	1
159	620	69	12.607560106988803	1
160	628	495	3.1073680815658173	1
161	629	84	3.8275338571345037	1
162	623	184	1.5168706654406239	1
163	614	8	4.841778423924756	1
164	624	105	6.663608529987871	1
165	625	91	7.235695554429535	1
166	626	476	6.797688983277836	1
167	627	480	2.520756635143511	1
168	608	465	9.12411974240389	1
169	612	111	7.9673565895889205	1
170	620	345	12.611697073890987	1
171	628	240	3.1360153864664393	1
172	629	144	4.999522282341033	1
173	623	417	1.5207155769930618	1
174	614	261	4.894602980434675	1
175	624	148	6.728160412453529	1
176	625	196	7.686225333024652	1
177	626	577	7.073650677799822	1
178	627	630	2.6244832627283925	67
179	627	631	2.6244832627283925	35
180	608	362	9.197262921628846	1
181	612	291	8.860327545559679	1
182	620	209	12.611697073890987	1
183	628	23	3.337247509683869	1
184	629	419	5.333712349152409	1
185	623	386	1.554568141915956	1
186	614	130	5.044973871197503	1
187	624	74	6.730795270760347	1
188	625	395	7.962676151504665	1
189	626	538	7.364218895016333	1
190	630	445	2.6244832627283925	1
191	631	429	2.6880755065527664	1
192	608	433	9.34440977154486	1
193	612	119	8.930440696802007	1
194	620	430	12.783390514376292	1
195	628	195	3.5919719477038297	1
196	628	127	3.5919719477038297	1
197	628	575	3.5919719477038297	1
198	628	407	3.5919719477038297	1
199	629	166	5.526554755091948	1
200	623	603	1.5670849702892593	1
201	614	464	5.062376848376754	1
202	624	102	7.645690458374403	1
203	625	174	8.110421729978642	1
204	626	232	7.671225158781966	1
205	630	255	2.7666346913224484	1
206	631	467	2.7079663460087486	1
207	608	231	9.392605916810837	1
208	612	322	10.922214721977491	1
209	620	95	12.856519042216565	1
210	629	28	5.551397715303929	1
211	623	120	1.5884975395036043	1
212	614	252	5.084005847471087	1
213	624	220	7.69429622205244	1
214	625	525	8.124668386188809	1
215	626	307	8.250475619358378	1
216	630	338	3.148741458665246	1
217	631	325	2.7909677495871663	1
218	608	208	9.426681966960517	1
219	612	21	11.952922170480974	1
220	620	247	13.791165677940077	1
221	620	253	13.791165677940077	1
222	620	470	13.791165677940077	1
223	620	532	13.791165677940077	1
224	629	502	6.508107617532828	1
225	623	25	1.603301657978205	1
226	614	164	5.181669639953067	1
227	624	80	7.893115581818335	1
228	625	125	8.228689219612328	1
229	625	163	8.228689219612328	1
230	625	62	8.228689219612328	1
231	626	493	9.243642924642886	1
232	630	254	3.2773674788716423	1
233	631	133	2.867230226610142	1
234	608	121	10.06998629184831	1
235	612	228	11.97636651324244	1
236	629	65	6.529096068776658	1
237	623	197	1.6480580818895392	1
238	614	544	5.256233321110461	1
239	624	393	7.893115581818335	1
240	625	340	8.228689219612328	1
241	626	158	9.296361796441417	1
242	630	446	3.3218790140671977	1
243	631	515	2.970796590654507	1
244	608	332	10.150504062952715	1
245	612	513	12.191753024122386	1
246	629	571	6.537575854787245	1
247	623	93	1.7022888127684546	1
248	614	1	5.54383362688315	1
249	624	374	8.844108686945217	1
250	624	277	8.844108686945217	1
251	624	459	8.844108686945217	1
252	624	359	8.844108686945217	1
253	625	397	8.23256460822736	1
254	626	530	9.828410734880054	1
255	630	632	3.424048644943633	17
256	630	633	3.424048644943633	45
257	631	76	3.023755871039559	1
258	608	432	10.233718490055503	1
259	612	183	13.03003169810021	1
260	629	248	6.616566743146346	1
261	623	216	1.7189115447645753	1
262	614	58	5.549151360732043	1
263	625	300	8.310787135760945	1
264	626	567	9.897459408479538	1
265	632	439	3.424048644943633	1
266	633	53	3.6935082212333263	1
267	631	305	3.0799581009309156	1
268	608	299	10.341801908842585	1
269	612	606	13.842446773678619	1
270	629	301	6.788560022720144	1
271	623	559	1.7549838174231973	1
272	614	314	5.562734140185853	1
273	625	389	8.902415850609035	1
274	626	311	10.540365518665762	1
275	632	268	4.162929898482407	1
276	633	152	3.7983035908732683	1
277	631	35	3.1167266769251425	1
278	608	206	10.726908770054392	1
279	612	475	14.775573540165288	1
280	629	179	6.905781485671791	1
281	623	597	1.7608147387056838	1
282	614	189	5.633199890790151	1
283	625	126	9.197647656627026	1
284	626	171	10.776937771463533	1
285	626	380	10.776937771463533	1
286	626	117	10.776937771463533	1
287	626	38	10.776937771463533	1
288	632	294	4.613619743893881	1
289	633	170	3.861164449020003	1
290	631	533	3.1220035299722655	1
291	608	342	10.738033125879781	1
292	612	531	15.390654536565602	1
293	629	213	7.097383955236533	1
294	623	509	1.7608237044594193	1
295	614	634	5.672229739205248	20
296	614	635	5.672229739205248	11
297	625	377	9.531083232878307	1
298	632	434	4.9984053675092825	1
299	633	418	3.888842741646826	1
300	631	598	3.2389248903121755	1
301	608	460	10.848326794680684	1
302	612	239	15.390654536565602	1
303	629	13	7.613686900134275	1
304	623	636	1.796137402178333	54
305	623	637	1.796137402178333	136
306	634	496	5.672229739205248	1
307	635	177	6.515330672802646	1
308	625	372	9.712722716860679	1
309	632	159	5.688248908567223	1
310	633	444	4.001963274762969	1
311	631	315	3.283557027725234	1
312	608	212	10.941690364153802	1
313	612	563	15.642892270326962	1
314	629	390	8.00289215019812	1
315	636	323	1.8012859769223464	1
316	637	638	1.8804812666185422	81
317	637	639	1.8804812666185422	55
318	634	519	6.511680655533795	1
319	635	605	7.235102687586046	1
320	625	289	9.809913588511577	1
321	632	472	5.7549554452353116	1
322	633	75	4.026475580823059	1
323	631	640	3.369883550383989	4
324	631	641	3.369883550383989	20
325	608	368	11.18401840660635	1
326	608	358	11.18401840660635	1
327	612	328	15.821166682341289	1
328	629	7	8.061322309821334	1
329	636	411	1.8356289767167895	1
330	638	604	1.8804812666185422	1
331	639	586	2.4203590678068463	1
332	634	448	6.710517717062666	1
333	635	187	7.4094348840215485	1
334	625	272	10.171585419448496	1
335	625	560	10.171585419448496	1
336	625	453	10.171585419448496	1
337	625	457	10.171585419448496	1
338	632	39	7.285805197531864	1
339	633	16	4.255724918865815	1
340	640	229	3.369883550383989	1
341	640	226	3.369883550383989	1
342	640	59	3.369883550383989	1
343	640	267	3.369883550383989	1
344	641	123	3.4592336196910374	1
345	608	536	11.18401840660635	1
346	612	160	16.974531287040893	1
347	612	521	16.974531287040893	1
348	612	385	16.974531287040893	1
349	612	22	16.974531287040893	1
350	629	349	8.259823469640217	1
351	636	396	1.9280766051434965	1
352	638	150	1.9889051706846528	1
353	639	157	2.5131222935024438	1
354	634	595	6.750595616100063	1
355	635	140	7.561807302302152	1
356	632	554	7.535206333426539	1
357	633	360	4.310434080068439	1
358	641	219	3.747460188546985	1
359	608	347	11.248914054733891	1
360	629	286	8.570001638945161	1
361	636	243	1.932142332461418	1
362	638	32	2.0958369598038273	1
363	639	57	3.002169747395818	1
364	634	593	6.769076829972301	1
365	635	141	7.565857296261308	1
366	632	297	7.993422220986891	1
367	633	319	4.486916104931468	1
368	641	555	3.8833562078759774	1
369	608	304	11.340807785312478	1
370	608	466	11.340807785312478	1
371	608	369	11.340807785312478	1
372	608	458	11.340807785312478	1
373	629	73	8.90450448498851	1
374	636	518	1.998837192348236	1
375	638	180	2.0958369598038273	1
376	639	642	3.3122586356373396	39
377	639	643	3.3122586356373396	13
378	634	295	7.082700240903867	1
379	635	54	7.606657100820644	1
380	632	500	8.28263864102491	1
381	633	552	4.659616180543039	1
382	641	335	4.2293445198599695	1
383	629	77	8.966605960634794	1
384	636	155	2.119704811497843	1
385	638	81	2.2129277442331596	1
386	642	485	3.3122586356373396	1
387	643	200	4.219396507773576	1
388	634	273	7.328119772473232	1
389	635	580	7.611129774289349	1
390	632	524	9.39391343042565	1
391	633	49	4.688372894108369	1
392	641	435	4.307856794031143	1
393	629	235	9.258607019548696	1
394	629	178	9.258607019548696	1
395	629	426	9.258607019548696	1
396	629	534	9.258607019548696	1
397	636	644	2.142141317876617	31
398	636	645	2.142141317876617	17
399	638	47	2.2143808383024233	1
400	642	363	3.5008970176730183	1
401	643	215	4.389812348204981	1
402	634	230	7.509927061470441	1
403	635	387	7.6749537091610724	1
404	635	427	7.6749537091610724	1
405	635	298	7.6749537091610724	1
406	635	510	7.6749537091610724	1
407	632	34	10.145878223117712	1
408	633	449	4.921516545023968	1
409	641	161	5.092477356114752	1
410	644	292	2.142141317876617	1
411	645	118	2.4069987822254064	1
412	638	405	2.2408880300464533	1
413	642	101	3.6591669738435613	1
414	643	468	8.639488027661347	1
415	634	557	7.589625495714146	1
416	632	551	10.410914464093771	1
417	633	134	5.142847823992913	1
418	641	520	5.280615077831014	1
419	644	317	2.201614046738076	1
420	645	97	2.5027732266262825	1
421	638	71	2.4582823594358834	1
422	642	506	4.239260774798284	1
423	643	336	8.639488027661347	1
424	634	199	7.913680310500736	1
425	632	511	10.454301072272164	1
426	632	281	10.454301072272164	1
427	632	186	10.454301072272164	1
428	632	428	10.454301072272164	1
429	633	221	5.16092795859412	1
430	641	17	5.775442454134404	1
431	644	185	2.54182058590684	1
432	645	64	2.935265896317874	1
433	638	172	2.462944534272934	1
434	642	100	4.30916161349578	1
435	643	241	8.748672586917715	1
436	634	523	8.246272333047251	1
437	633	24	5.321245637154455	1
438	641	282	6.1204972807379345	1
439	644	326	3.2994644277721026	1
440	645	357	3.5699276835314406	1
441	638	202	2.6114504908886618	1
442	642	270	4.491323593515942	1
443	643	82	8.833474735986051	1
444	634	15	8.27049876380187	1
445	633	490	5.474471664150482	1
446	641	452	6.154500152618717	1
447	644	198	3.370043390559627	1
448	645	245	3.883660787688418	1
449	638	406	2.6292822379560934	1
450	642	86	4.552727454245894	1
451	643	146	9.175616321885004	1
452	634	280	8.5471357535341	1
453	633	526	5.658844879672287	1
454	641	522	7.483864242863098	1
455	644	494	3.733520943211206	1
456	645	19	4.633116903273611	1
457	638	182	2.6473274434388214	1
458	642	2	4.70587139631483	1
459	643	331	10.242677118054972	1
460	634	365	8.675950044087887	1
461	633	94	5.729108392265009	1
462	641	256	7.62022673451144	1
463	644	31	3.749052297518048	1
464	645	55	5.300671655631066	1
465	638	318	2.693622343637314	1
466	642	63	4.78567198368815	1
467	643	312	11.108713456581281	1
468	634	569	9.405823429117236	1
469	633	424	5.8146523346620445	1
470	641	487	8.571302491938281	1
471	644	474	3.8066581547522382	1
472	645	489	5.991631072466334	1
473	638	422	2.732411543642367	1
474	642	50	4.827885917386163	1
475	643	588	13.045960574743685	1
476	643	51	13.045960574743685	1
477	643	12	13.045960574743685	1
478	643	479	13.045960574743685	1
479	634	367	9.985168563798199	1
480	633	275	5.839823974670843	1
481	641	505	9.256164183337836	1
482	644	414	4.009156411078231	1
483	645	409	6.200629064870235	1
484	638	486	2.733122930135696	1
485	642	481	4.893060795391582	1
486	634	320	10.688368746585237	1
487	634	461	10.688368746585237	1
488	634	568	10.688368746585237	1
489	634	204	10.688368746585237	1
490	633	222	5.868911877296454	1
491	641	108	9.275719859204985	1
492	644	260	4.089244480208137	1
493	645	570	6.4911530576663	1
494	638	537	2.7534829021858602	1
495	642	398	4.9573406537232625	1
496	633	72	5.887390025013212	1
497	641	416	9.275719859204985	1
498	644	478	4.2526293235141575	1
499	645	147	6.772897584036723	1
500	638	579	2.7798201598988075	1
501	642	181	5.158207101090188	1
502	633	217	6.048380102688057	1
503	641	67	9.353455591237172	1
504	641	278	9.353455591237172	1
505	641	225	9.353455591237172	1
506	641	250	9.353455591237172	1
507	644	11	4.443223864428601	1
508	645	576	7.118496478687332	1
509	638	90	2.804088240959355	1
510	642	244	5.520850314583434	1
511	633	438	6.1413804098683205	1
512	644	207	4.71342833240123	1
513	645	115	7.526057836645118	1
514	638	497	2.8632497655748876	1
515	642	4	5.6111465716101865	1
516	633	547	6.15577962214879	1
517	644	223	4.989131857554289	1
518	645	287	7.926085304883157	1
519	645	413	7.926085304883157	1
520	645	124	7.926085304883157	1
521	645	276	7.926085304883157	1
522	638	283	2.8907436572324983	1
523	642	188	5.667066700551356	1
524	633	566	6.1847862491974	1
525	644	455	5.150165030583171	1
526	638	98	2.903867160013029	1
527	642	249	5.779949773580294	1
528	633	504	6.2769811260463975	1
529	644	290	5.20627262737658	1
530	638	106	2.911022074487232	1
531	642	112	5.927273006798461	1
532	633	512	6.634629430991855	1
533	644	60	5.220339022135118	1
534	638	48	3.0687485199741986	1
535	642	149	5.931478888755386	1
536	633	535	6.710151078289956	1
537	644	562	5.220339022135118	1
538	638	584	3.097827100315453	1
539	638	79	3.097827100315453	1
540	642	175	5.937086048599438	1
541	633	162	6.7494615291518745	1
542	644	41	6.072736252130269	1
543	638	646	3.2522854002124855	14
544	638	647	3.2522854002124855	42
545	642	415	5.950641153789045	1
546	633	316	6.7494615291518745	1
547	633	88	6.7494615291518745	1
548	644	70	8.661433023082022	1
549	646	542	3.2522854002124855	1
550	647	233	3.2726847860145774	1
551	642	168	6.0044089251661585	1
552	633	193	6.909366314683158	1
553	644	484	8.818735134205479	1
554	646	541	3.3372265242286567	1
555	647	293	3.437115259634177	1
556	642	203	6.108861303058373	1
557	633	27	7.102492170712629	1
558	644	44	9.986795741224457	1
559	646	339	4.191389239826708	1
560	647	284	3.5963386164711824	1
561	642	483	6.21853251898208	1
562	633	279	7.118001959441512	1
563	644	469	9.986795741224457	1
564	646	352	4.4583124007673565	1
565	647	442	3.6599059669354554	1
566	642	43	6.332547797424264	1
567	633	135	7.4476559843046966	1
568	644	343	10.07595034291974	1
569	646	366	4.801276690706084	1
570	647	399	3.6876157339931126	1
571	642	107	6.336565246646399	1
572	633	546	7.679065631491208	1
573	644	529	10.770004994181916	1
574	646	585	4.9689643474780985	1
575	647	507	3.74181302940721	1
576	642	218	7.177356727531496	1
577	633	549	8.16473562017462	1
578	644	211	12.270525598905392	1
579	646	383	4.9689643474780985	1
580	647	354	3.7943662510736873	1
581	642	40	7.2267910122256955	1
582	633	540	8.176630837859467	1
583	644	447	12.548713106418834	1
584	646	443	5.013922302426167	1
585	647	499	3.92824045638276	1
586	642	42	7.455303700568772	1
587	633	263	8.204975773787146	1
588	644	56	13.315133510477953	1
589	644	205	13.315133510477953	1
590	644	341	13.315133510477953	1
591	644	36	13.315133510477953	1
592	646	346	5.743376965797976	1
593	647	143	3.950373756762938	1
594	642	482	7.767908886972781	1
595	633	271	8.222190351441586	1
596	646	425	5.74540526747425	1
597	647	556	3.9697706056713566	1
598	642	514	7.794735620034221	1
599	633	190	8.222190351441586	1
600	633	191	8.222190351441586	1
601	633	238	8.222190351441586	1
602	633	508	8.222190351441586	1
603	646	337	6.011200967907451	1
604	646	353	6.011200967907451	1
605	646	324	6.011200967907451	1
606	646	548	6.011200967907451	1
607	647	402	3.979057873118258	1
608	642	558	7.821509183581672	1
609	647	85	4.098705744902069	1
610	642	113	7.987221726036915	1
611	647	9	4.2101747924004105	1
612	642	6	8.160550720116943	1
613	647	355	4.291452545591603	1
614	642	572	8.186735598360231	1
615	647	236	4.419675259623826	1
616	642	266	8.412632726911694	1
617	642	596	8.412632726911694	1
618	642	242	8.412632726911694	1
619	642	99	8.412632726911694	1
620	647	176	4.43167204192247	1
621	647	246	4.447496599088646	1
622	647	450	4.607329471410922	1
623	647	498	4.6240202030659106	1
624	647	404	4.6240202030659106	1
625	647	251	4.658259755738837	1
626	647	394	4.719516379589121	1
627	647	391	4.729349904433127	1
628	647	583	4.999148192113778	1
629	647	401	5.138131712128731	1
630	647	370	5.247432454501721	1
631	647	591	5.265408140372012	1
632	647	237	5.389683467033707	1
633	647	400	5.4646493663857205	1
634	647	601	5.502858250574841	1
635	647	561	5.510713259812429	1
636	647	543	5.52873241537248	1
637	647	440	5.649649212846159	1
638	647	602	5.6745340163217834	1
639	647	259	5.71046128035975	1
640	647	501	5.886270494762733	1
641	647	545	6.048751317174552	1
642	647	437	6.175795452122396	1
643	647	539	6.277639453602536	1
644	647	589	6.277639453602536	1
645	647	462	6.277639453602536	1
646	647	403	6.277639453602536	1
